teta0: 8008.439832646783
teta1: -4656.591444722055
dvi: 142.19110308065717
minval: 22899
maxval: 240000
